’ 11111111111111111111111111111111111111111,11111 Μ1111111111111111
1111111111 11111111111111 11111111111111 1111111111 111.

1111111111, 91., 111111113111111111 1111111111111111.11.11

11111111,11111111111111,1111111111111111111111-1111111111111
1111111 111 11111. 11..8 ’11 ·········· 11111. 1111. (11111. 111111.)

1111111111,1111111,111111111111 11 111111111111111 11111111111111
1111111111111111111111111.,111111111111111111111,11111111118111111
1111111111 1111111111111111111 1111111111111111 1111111111 d

'· 11111.’111’1..(11111111111.)
1111111111,1111111111,1111111111111111111111.11111111111111
1111111111111111111111111111 11111111111111 111111 11111 x111 1111111111Ι
1111111111 1. . ·1’1111’

, 1111111,111111.,111111111111111111111111. 1111111 1131. 1111111111.
· · 1.
1111111,1111’111.·,11111111111111111111112111111.121111111.ῃὲ111.1
111111, 111111111111111111111111111111111.’1111111111111111)
111111111111111111,111111111111,11111111.1 1111111111111
1111111111. 31111. 1131. (1111 1111111. 1111. 11111.
- - 1111111111 1111 111111 113111111111111111111 1111. 11. 1
1111111, 1111,1111111111111111111111111111111119ῐὲ111111 ’
11111111. 111 11111111111111111111)
-, ι -81- 111 11111111111111111 1111111111 1111111111. 31111111ὶ 1111111
ff ..8- 111111111111111111, 1111111111111 1111111111111111111111111ῗξ11’
11 , 1 1

111111,111 91 111. 11111111111111111111 1111111111 111 1111111Η1111111
11111111. 1111111. 13111111111111. 1118 ,. .,.11111
. 1111111111, 1., 1111111111 111111111111111 1111111 111111111111111111 111
, ,11111111111111111111111111111111111111111111311111111,311111)

 

